{
  "coordinate_frame": "dental",
  "units": "mm",
  "frames": [
    {
      "frame": 0,
      "t_ms": 0.0,
      "T": [
        [
          0.9999968055929739,
          0.0013959346618990904,
          0.0021071711528122396,
          0.0032858145218312984
        ],
        [
          -0.0014038996387215712,
          0.9999918581847549,
          0.003783203669653172,
          -0.015703968341558294
        ],
        [
          -0.0021018728914786217,
          -0.0037861498413812363,
          0.9999906235559044,
          -0.007340517299496696
        ],
        [
          0.0,
          0.0,
          0.0,
          1.0
        ]
      ],
      "rmse_mm": {
        "upper": 0.03830012556500949,
        "lower": 0.05200627959249978
      },
      "n_markers": {
        "upper": 4,
        "lower": 4
      }
    },
    {
      "frame": 1,
      "t_ms": 33.3,
      "T": [
        [
          0.999997420011566,
          0.0022439618734693707,
          0.000352994789932981,
          -0.042323134193679834
        ],
        [
          -0.002239470613775387,
          0.9999224951425795,
          -0.01224697837053956,
          -0.13588975187651053
        ],
        [
          -0.0003804491836507058,
          0.01224615625201798,
          0.9999249406407811,
          0.5464582997436196
        ],
        [
          0.0,
          0.0,
          0.0,
          1.0
        ]
      ],
      "rmse_mm": {
        "upper": 0.054538656123864104,
        "lower": 0.049778910673951425
      },
      "n_markers": {
        "upper": 4,
        "lower": 4
      }
    },
    {
      "frame": 2,
      "t_ms": 66.6,
      "T": [
        [
          0.9999953556867415,
          -0.0021308351974926505,
          0.0021790241642135636,
          0.05706665323779703
        ],
        [
          0.002193664411973516,
          0.9995697280446642,
          -0.029249728428876905,
          -0.3010241236051341
        ],
        [
          -0.00211576024037243,
          0.02925437263173787,
          0.9995697600670643,
          0.9028876449095264
        ],
        [
          0.0,
          0.0,
          0.0,
          1.0
        ]
      ],
      "rmse_mm": {
        "upper": 0.05318576475963546,
        "lower": 0.051220888556357
      },
      "n_markers": {
        "upper": 4,
        "lower": 4
      }
    },
    {
      "frame": 3,
      "t_ms": 99.89999999999999,
      "T": [
        [
          0.9999954996516397,
          -0.0013235010474662299,
          -0.0026924006843259173,
          0.0034228281980119846
        ],
        [
          0.0012167741184026793,
          0.999228182319703,
          -0.03926269372836654,
          -0.3959732537099693
        ],
        [
          0.002742286858151055,
          0.03925924098909798,
          0.999225295846611,
          1.4381451643065475
        ],
        [
          0.0,
          0.0,
          0.0,
          1.0
        ]
      ],
      "rmse_mm": {
        "upper": 0.048976127044707496,
        "lower": 0.04992660711552514
      },
      "n_markers": {
        "upper": 4,
        "lower": 4
      }
    },
    {
      "frame": 4,
      "t_ms": 133.2,
      "T": [
        [
          0.9999893110188608,
          0.00047078918522616426,
          0.004599587543086013,
          0.014555602305989623
        ],
        [
          -0.00026092004663242653,
          0.9989632881729047,
          -0.04552231105192187,
          -0.5606357878181891
        ],
        [
          -0.004616250508010073,
          0.045520624340201495,
          0.998952733111495,
          1.9876795724940166
        ],
        [
          0.0,
          0.0,
          0.0,
          1.0
        ]
      ],
      "rmse_mm": {
        "upper": 0.059241336674249585,
        "lower": 0.04739631235705327
      },
      "n_markers": {
        "upper": 4,
        "lower": 4
      }
    },
    {
      "frame": 5,
      "t_ms": 166.5,
      "T": [
        [
          0.9999953413380376,
          0.001137561028925251,
          0.0028325354591830494,
          0.04879129011652594
        ],
        [
          -0.0009276354626257039,
          0.9973285155176282,
          -0.07304089010857452,
          -0.7003461137918361
        ],
        [
          -0.002908056854763431,
          0.07303792227541651,
          0.99732492454316,
          2.3869005056116634
        ],
        [
          0.0,
          0.0,
          0.0,
          1.0
        ]
      ],
      "rmse_mm": {
        "upper": 0.07545696368211648,
        "lower": 0.05584588121858654
      },
      "n_markers": {
        "upper": 4,
        "lower": 4
      }
    },
    {
      "frame": 6,
      "t_ms": 199.79999999999998,
      "T": [
        [
          0.9999932616116275,
          0.0031474584616225073,
          -0.0018895069652875103,
          -0.013480092816479328
        ],
        [
          -0.0032743100392540947,
          0.9974437352271885,
          -0.07138118764633744,
          -0.8599040570793639
        ],
        [
          0.0016600075621360857,
          0.0713868934837982,
          0.9974473198187597,
          2.8915436137858137
        ],
        [
          0.0,
          0.0,
          0.0,
          1.0
        ]
      ],
      "rmse_mm": {
        "upper": 0.049239712049775945,
        "lower": 0.05474637593885689
      },
      "n_markers": {
        "upper": 4,
        "lower": 4
      }
    },
    {
      "frame": 7,
      "t_ms": 233.09999999999997,
      "T": [
        [
          0.999998257942991,
          0.0018463488501974327,
          -0.0002740563909669275,
          -0.008035825360082072
        ],
        [
          -0.0018626677438282097,
          0.9965870730690127,
          -0.08252718497932497,
          -0.9910348801523525
        ],
        [
          0.00012074708343320394,
          0.08252755168826395,
          0.9965887760919655,
          3.3737495468075167
        ],
        [
          0.0,
          0.0,
          0.0,
          1.0
        ]
      ],
      "rmse_mm": {
        "upper": 0.053784747908354205,
        "lower": 0.04943005355946635
      },
      "n_markers": {
        "upper": 4,
        "lower": 4
      }
    },
    {
      "frame": 8,
      "t_ms": 266.4,
      "T": [
        [
          0.9999962394694802,
          0.002728456089557422,
          -0.00027672055633365855,
          -0.02888102963262895
        ],
        [
          -0.0027423999829566505,
          0.9954991687425115,
          -0.09473058785473025,
          -1.1065883791902416
        ],
        [
          1.7006834504662583e-05,
          0.094730990495912,
          0.9955029076554375,
          3.7287116644682783
        ],
        [
          0.0,
          0.0,
          0.0,
          1.0
        ]
      ],
      "rmse_mm": {
        "upper": 0.05523237897906327,
        "lower": 0.08180985771067796
      },
      "n_markers": {
        "upper": 4,
        "lower": 4
      }
    },
    {
      "frame": 9,
      "t_ms": 299.7,
      "T": [
        [
          0.9999990458389239,
          0.0004690497597342828,
          0.0012993512090705014,
          0.028160881890499923
        ],
        [
          -0.0003119075299204459,
          0.9929659308503919,
          -0.11840001217951023,
          -1.3936360010228692
        ],
        [
          -0.001345746980081603,
          0.11839949392940119,
          0.9929651297011024,
          4.292145416407493
        ],
        [
          0.0,
          0.0,
          0.0,
          1.0
        ]
      ],
      "rmse_mm": {
        "upper": 0.05328496533350575,
        "lower": 0.07162385551547922
      },
      "n_markers": {
        "upper": 4,
        "lower": 4
      }
    },
    {
      "frame": 10,
      "t_ms": 333.0,
      "T": [
        [
          0.9999568012973853,
          -0.008842443199221495,
          -0.002864740366744416,
          0.07381086514425306
        ],
        [
          0.008455014485352064,
          0.993348393507514,
          -0.11483676173635902,
          -1.4037052163473207
        ],
        [
          0.003861122783958007,
          0.1148075795159424,
          0.993380245131006,
          4.7828858628444095
        ],
        [
          0.0,
          0.0,
          0.0,
          1.0
        ]
      ],
      "rmse_mm": {
        "upper": 0.0359680055302735,
        "lower": 0.05166009457721291
      },
      "n_markers": {
        "upper": 4,
        "lower": 4
      }
    },
    {
      "frame": 11,
      "t_ms": 366.29999999999995,
      "T": [
        [
          0.9999872169638389,
          -0.00479793906850314,
          0.0015955217360143414,
          -0.008555296769031884
        ],
        [
          0.004961068656949845,
          0.9919754501139137,
          -0.1263332662804119,
          -1.6500163882179133
        ],
        [
          -0.0009765790783107964,
          0.12633956685057698,
          0.9919865725609959,
          5.224666214519402
        ],
        [
          0.0,
          0.0,
          0.0,
          1.0
        ]
      ],
      "rmse_mm": {
        "upper": 0.05965729204932305,
        "lower": 0.05323340042809444
      },
      "n_markers": {
        "upper": 4,
        "lower": 4
      }
    },
    {
      "frame": 12,
      "t_ms": 399.59999999999997,
      "T": [
        [
          0.9999937329125171,
          0.0002289245670854007,
          0.0035329490841890334,
          -0.01109578552137691
        ],
        [
          0.0002404816450721227,
          0.9912103196804972,
          -0.1322952921591131,
          -1.8421705576590854
        ],
        [
          -0.003532181233638923,
          0.13229531266235126,
          0.9912040526265533,
          5.765930703782658
        ],
        [
          0.0,
          0.0,
          0.0,
          1.0
        ]
      ],
      "rmse_mm": {
        "upper": 0.037253298135283414,
        "lower": 0.0659167254499538
      },
      "n_markers": {
        "upper": 4,
        "lower": 4
      }
    },
    {
      "frame": 13,
      "t_ms": 432.9,
      "T": [
        [
          0.9999822667204402,
          0.005656853549602356,
          0.0018617874659796695,
          -0.028815353348704775
        ],
        [
          -0.0052696406818912266,
          0.9861304900950941,
          -0.16588817737226674,
          -2.114940515484962
        ],
        [
          -0.0027743705112845962,
          0.1658754246798704,
          0.9861428123530273,
          6.097492954297309
        ],
        [
          0.0,
          0.0,
          0.0,
          1.0
        ]
      ],
      "rmse_mm": {
        "upper": 0.046114312114708546,
        "lower": 0.06347297541491745
      },
      "n_markers": {
        "upper": 4,
        "lower": 4
      }
    },
    {
      "frame": 14,
      "t_ms": 466.19999999999993,
      "T": [
        [
          0.9999955262228025,
          -0.00285790659879843,
          -0.0008831218784183728,
          -0.008643227646814466
        ],
        [
          0.002665689592652448,
          0.9853791897163577,
          -0.17035476680424944,
          -2.252152477933775
        ],
        [
          0.0013570679331631327,
          0.1703516505461787,
          0.9853823996412856,
          6.5121149181631495
        ],
        [
          0.0,
          0.0,
          0.0,
          1.0
        ]
      ],
      "rmse_mm": {
        "upper": 0.07757253045827463,
        "lower": 0.031161846624367447
      },
      "n_markers": {
        "upper": 4,
        "lower": 4
      }
    },
    {
      "frame": 15,
      "t_ms": 499.49999999999994,
      "T": [
        [
          0.9999991222518287,
          -0.001299975494554443,
          -0.00025604547528477437,
          0.025662824953570862
        ],
        [
          0.0012302300929748335,
          0.9827612163760712,
          -0.1848753042484141,
          -2.465502713864492
        ],
        [
          0.0004919649278097408,
          0.18487482697960525,
          0.9827619530281839,
          6.999699322139236
        ],
        [
          0.0,
          0.0,
          0.0,
          1.0
        ]
      ],
      "rmse_mm": {
        "upper": 0.09022062246693337,
        "lower": 0.07123026402884355
      },
      "n_markers": {
        "upper": 4,
        "lower": 4
      }
    },
    {
      "frame": 16,
      "t_ms": 532.8,
      "T": [
        [
          0.9999792069796934,
          -0.00050620453602419,
          -0.0064287918951040045,
          -0.04184290534988122
        ],
        [
          -0.0008158470747584488,
          0.9789732303065274,
          -0.20398712885070408,
          -2.728197990924557
        ],
        [
          0.006396874378433239,
          0.20398813225325377,
          0.9789524615107803,
          7.418361620752989
        ],
        [
          0.0,
          0.0,
          0.0,
          1.0
        ]
      ],
      "rmse_mm": {
        "upper": 0.03862374308883242,
        "lower": 0.05539865590831278
      },
      "n_markers": {
        "upper": 4,
        "lower": 4
      }
    },
    {
      "frame": 17,
      "t_ms": 566.0999999999999,
      "T": [
        [
          0.9999983106262187,
          0.0016761408281620053,
          -0.0007545174830400523,
          0.0018438190192284765
        ],
        [
          -0.0017952861577433903,
          0.9787255704958185,
          -0.20516587095627278,
          -2.9415474766639083
        ],
        [
          0.00039457866118255703,
          0.20516687892922306,
          0.9787269262149283,
          7.916301741686766
        ],
        [
          0.0,
          0.0,
          0.0,
          1.0
        ]
      ],
      "rmse_mm": {
        "upper": 0.08741609135509214,
        "lower": 0.03770903269151347
      },
      "n_markers": {
        "upper": 4,
        "lower": 4
      }
    },
    {
      "frame": 18,
      "t_ms": 599.4,
      "T": [
        [
          0.999997687185448,
          0.0006931311661654651,
          0.002035974690811395,
          0.046532555730408376
        ],
        [
          -0.00024416564681364276,
          0.9771121748290512,
          -0.2127245594283329,
          -3.101462096673357
        ],
        [
          -0.0021368216799842357,
          0.21272357032079917,
          0.9771100841886139,
          8.45684210014656
        ],
        [
          0.0,
          0.0,
          0.0,
          1.0
        ]
      ],
      "rmse_mm": {
        "upper": 0.03422305824979908,
        "lower": 0.04500696839354802
      },
      "n_markers": {
        "upper": 4,
        "lower": 4
      }
    },
    {
      "frame": 19,
      "t_ms": 632.6999999999999,
      "T": [
        [
          0.9999972001018145,
          -8.673122378276607e-05,
          -0.0023647972909826695,
          0.005183007098224834
        ],
        [
          -0.00044892552378551835,
          0.9742275555256923,
          -0.22556699341949527,
          -3.2698046223077313
        ],
        [
          0.002323414385491994,
          0.22556742347274103,
          0.9742247888518663,
          8.819356487475375
        ],
        [
          0.0,
          0.0,
          0.0,
          1.0
        ]
      ],
      "rmse_mm": {
        "upper": 0.07586755542646648,
        "lower": 0.06659663783191055
      },
      "n_markers": {
        "upper": 4,
        "lower": 4
      }
    },
    {
      "frame": 20,
      "t_ms": 666.0,
      "T": [
        [
          0.9999904962216635,
          0.002168604454804629,
          -0.0037821450355036237,
          -0.10053762984108516
        ],
        [
          -0.0030000022752992564,
          0.9717447258291497,
          -0.2360152279188336,
          -3.5748422403262285
        ],
        [
          0.0031634558159051567,
          0.23602433132613523,
          0.9717419964009743,
          9.287729722509596
        ],
        [
          0.0,
          0.0,
          0.0,
          1.0
        ]
      ],
      "rmse_mm": {
        "upper": 0.06555347112923515,
        "lower": 0.07748990177455925
      },
      "n_markers": {
        "upper": 4,
        "lower": 4
      }
    },
    {
      "frame": 21,
      "t_ms": 699.3,
      "T": [
        [
          0.9999983475725285,
          0.0007350597865947818,
          0.0016626903867881892,
          0.03906433151749411
        ],
        [
          -0.00028325751224057296,
          0.9664397420611655,
          -0.25689325551662395,
          -3.833113751288073
        ],
        [
          -0.0017957219701129137,
          0.256892360049609,
          0.9664383533007931,
          9.667957310003999
        ],
        [
          0.0,
          0.0,
          0.0,
          1.0
        ]
      ],
      "rmse_mm": {
        "upper": 0.0554575531909692,
        "lower": 0.054567841994699884
      },
      "n_markers": {
        "upper": 4,
        "lower": 4
      }
    },
    {
      "frame": 22,
      "t_ms": 732.5999999999999,
      "T": [
        [
          0.9999928840020397,
          0.0003357431986820515,
          -0.0037575552941991937,
          -0.029197801963107395
        ],
        [
          -0.0012899730244536336,
          0.9664245780023978,
          -0.25694721442833923,
          -3.984849026822155
        ],
        [
          0.0035451255098526706,
          0.25695023313745197,
          0.9664181340267408,
          10.219916023575763
        ],
        [
          0.0,
          0.0,
          0.0,
          1.0
        ]
      ],
      "rmse_mm": {
        "upper": 0.02804288266040426,
        "lower": 0.03510248799769234
      },
      "n_markers": {
        "upper": 4,
        "lower": 4
      }
    },
    {
      "frame": 23,
      "t_ms": 765.9,
      "T": [
        [
          0.9999865588806817,
          0.0009244204124770992,
          0.00510171587538721,
          0.0203543873902845
        ],
        [
          0.0005616410200102436,
          0.9588735399886711,
          -0.2838330827598492,
          -4.338642654876452
        ],
        [
          -0.005154281456888519,
          0.2838321330584252,
          0.9588601324625856,
          10.50423436235684
        ],
        [
          0.0,
          0.0,
          0.0,
          1.0
        ]
      ],
      "rmse_mm": {
        "upper": 0.041437235682785206,
        "lower": 0.07060676517536697
      },
      "n_markers": {
        "upper": 4,
        "lower": 4
      }
    },
    {
      "frame": 24,
      "t_ms": 799.1999999999999,
      "T": [
        [
          0.9999942492176705,
          -0.0020234441886312522,
          0.0027216181222116274,
          0.051195241835273464
        ],
        [
          0.002712679057974865,
          0.9588756493451883,
          -0.2838135487695612,
          -4.469864982235105
        ],
        [
          -0.002035412468292694,
          0.28381929949610374,
          0.9588756240147231,
          11.023005813685131
        ],
        [
          0.0,
          0.0,
          0.0,
          1.0
        ]
      ],
      "rmse_mm": {
        "upper": 0.06576624091207184,
        "lower": 0.034651156297145415
      },
      "n_markers": {
        "upper": 4,
        "lower": 4
      }
    },
    {
      "frame": 25,
      "t_ms": 832.4999999999999,
      "T": [
        [
          0.9999971060111413,
          -0.002395141363413983,
          -0.0002264225949852432,
          -0.0223494568812157
        ],
        [
          0.0022119433004783202,
          0.952344442196587,
          -0.30501667286249723,
          -4.812246473619171
        ],
        [
          0.0009461903496255692,
          0.30501528931370253,
          0.952346984039274,
          11.416790357299647
        ],
        [
          0.0,
          0.0,
          0.0,
          1.0
        ]
      ],
      "rmse_mm": {
        "upper": 0.06877166411176532,
        "lower": 0.07082955240194035
      },
      "n_markers": {
        "upper": 4,
        "lower": 4
      }
    },
    {
      "frame": 26,
      "t_ms": 865.8,
      "T": [
        [
          0.9999988691531844,
          -0.000979619357095634,
          0.0011410689145586982,
          -0.04980387794961416
        ],
        [
          0.0012820086922570653,
          0.9519479258375878,
          -0.30625724962395273,
          -5.038349419040169
        ],
        [
          -0.0007862226564695283,
          0.30625836615418445,
          0.9519481052108382,
          11.867715829509962
        ],
        [
          0.0,
          0.0,
          0.0,
          1.0
        ]
      ],
      "rmse_mm": {
        "upper": 0.06649164895798322,
        "lower": 0.06628167754338139
      },
      "n_markers": {
        "upper": 4,
        "lower": 4
      }
    },
    {
      "frame": 27,
      "t_ms": 899.0999999999999,
      "T": [
        [
          0.9999933573547695,
          0.001235900269525578,
          -0.0034289644005125767,
          -0.011708311534221139
        ],
        [
          -0.0023077048240283528,
          0.9428668279733174,
          -0.33316185136653925,
          -5.375099898915057
        ],
        [
          0.002821301965645381,
          0.3331675513282451,
          0.9428634169364933,
          12.25041877898883
        ],
        [
          0.0,
          0.0,
          0.0,
          1.0
        ]
      ],
      "rmse_mm": {
        "upper": 0.0364960027467872,
        "lower": 0.06895691205354418
      },
      "n_markers": {
        "upper": 4,
        "lower": 4
      }
    },
    {
      "frame": 28,
      "t_ms": 932.3999999999999,
      "T": [
        [
          0.9999975718523879,
          0.002146791586682777,
          -0.0004975693024266417,
          -0.04042735353800708
        ],
        [
          -0.002194601432291371,
          0.9496570353697467,
          -0.3132837354496657,
          -5.4755934546472265
        ],
        [
          -0.0002000346988743988,
          0.31328406671681597,
          0.9496594408141757,
          12.852412976816254
        ],
        [
          0.0,
          0.0,
          0.0,
          1.0
        ]
      ],
      "rmse_mm": {
        "upper": 0.045832037818550414,
        "lower": 0.06246942370457259
      },
      "n_markers": {
        "upper": 4,
        "lower": 4
      }
    },
    {
      "frame": 29,
      "t_ms": 965.6999999999999,
      "T": [
        [
          0.9999924398609558,
          0.003703442855026063,
          -0.0011852138847488272,
          -0.0061270915444424645
        ],
        [
          -0.003884090232931219,
          0.9368678749623318,
          -0.3496619777822962,
          -5.9415955949087955
        ],
        [
          -0.00018456433971170168,
          0.3496639377667993,
          0.9368751766171524,
          12.976190893261503
        ],
        [
          0.0,
          0.0,
          0.0,
          1.0
        ]
      ],
      "rmse_mm": {
        "upper": 0.06569116008769366,
        "lower": 0.04809411204044635
      },
      "n_markers": {
        "upper": 4,
        "lower": 4
      }
    }
  ]
}